6 - 2
5 - 3
0 1 4 - 4
0 1 4 2 - 2
0 1 4 2 3 - 1
0 1 4 3 - 3
2 - 6
2 3 1 - 3
2 3 1 4 - 2
2 4 1 - 3
2 1 - 4
3 - 8
3 1 - 5
3 1 4 - 4
3 4 - 5
1 - 8
1 4 - 6
4 - 10
<100% 1  ==> 4  ( 6 0.75 )
<100% 4  ==> 1  ( 6 0.6 )
<100% 1  ==> 2  ( 4 0.5 )
<100% 2  ==> 1  ( 4 0.666667 )
<100% 1  ==> 3  ( 5 0.625 )
<100% 3  ==> 1  ( 5 0.625 )
<100% 3  ==> 4  ( 5 0.625 )
<100% 4  ==> 3  ( 5 0.5 )
100% 0  ==> 1 4  ( 4 1 )
<100% 1 4  ==> 0  ( 4 0.666667 )
<100% 1 2  ==> 4  ( 3 0.75 )
<100% 1 4  ==> 2  ( 3 0.5 )
<100% 1 2  ==> 3  ( 3 0.75 )
<100% 1 3  ==> 2  ( 3 0.6 )
<100% 1 3  ==> 4  ( 4 0.8 )
<100% 1 4  ==> 3  ( 4 0.666667 )
<100% 3 4  ==> 1  ( 4 0.8 )
<100% 0  ==> 2  ( 2 0.5 )
<100% 2 4  ==> 0  ( 2 0.666667 )
<100% 0  ==> 3  ( 3 0.75 )
<100% 1 3 4  ==> 0  ( 3 0.75 )
<100% 2 3  ==> 4  ( 2 0.666667 )
<100% 2 4  ==> 3  ( 2 0.666667 )
<100% 1 3 4  ==> 2  ( 2 0.5 )
<100% 0 2  ==> 3  ( 1 0.5 )
<100% 2 3 4  ==> 0  ( 1 0.5 )
RULE SUMMARY : (minconf) (num closed rules) (num examined)
0.4 26 51
